11 135 3 22 17 114 105 29 15 221 227 24 177 137 122 253 5 28 204 172 168 2 201 231 130 214 186 176 4 124 68 13 173 125 107 25 8 224 37 182 32 226 27 20 193 65 59 6 63 245 203 205 85 14 19 58 229 159 38 102 41 191 108 42 56 36 202 127 133 71 179 197 207 95 255 199 248 30 251 73 31 115 47 109 44 123 185 52 78 35 43 164 183 1 118 128 83 55 218 80 165 49 101 18 196 143 235 116 117 40 129 228 82 89 110 208 54 181 74 180 77 198 211 33 9 239 97 152 192 23 155 16 171 156 242 64 81 86 240 87 48 75 174 34 212 46 62 146 254 53 121 67 167 234 88 61 111 169 104 79 106 0 51 69 70 91 158 236 237 233 92 215 45 222 132 100 7 194 170 200 157 50 160 98 12 90 120 145 163 66 136 219 241 21 140 94 138 246 119 230 93 217 161 126 210 103 141 139 162 76 112 189 153 244 147 175 144 99 149 151 225 178 26 60 134 223 131 166 195 232 150 216 39 188 187 206 243 250 72 247 84 190 57 148 209 249 184 220 154 142 252 96 10 238 213 113
11 196 3 22 17 114 97 0 210 221 227 24 29 137 122 253 5 28 204 177 168 2 151 231 130 214 1 176 4 52 68 13 173 209 107 8 25 224 142 182 32 226 27 20 193 65 59 6 63 245 203 205 85 14 249 58 229 159 38 102 41 191 108 42 56 115 202 127 133 71 179 197 207 95 255 199 248 30 251 73 31 36 47 109 44 123 185 220 170 35 43 164 183 129 118 128 83 55 218 80 165 49 101 18 135 143 235 116 117 40 186 228 82 89 110 208 54 181 172 180 77 198 211 33 9 239 105 152 192 23 155 16 171 156 19 64 81 86 240 154 48 75 174 34 153 46 62 146 254 53 121 67 167 234 88 61 111 169 104 79 106 74 51 69 70 91 158 236 237 233 92 215 45 222 132 100 7 194 78 200 157 50 160 98 12 90 120 145 163 66 136 219 241 21 140 94 138 246 119 230 93 217 161 126 15 76 141 139 162 103 112 189 212 244 147 175 144 99 149 201 225 178 26 60 134 223 131 166 195 232 150 216 39 188 187 206 243 250 72 247 84 190 57 148 87 242 184 124 125 37 252 96 10 238 213 113
11 196 3 22 17 114 97 29 4 221 227 24 177 137 122 253 5 28 204 0 168 2 201 231 130 214 1 176 53 52 68 13 244 125 107 25 8 224 37 182 32 226 27 20 193 65 59 6 63 245 203 205 85 40 19 58 229 159 38 102 41 191 108 42 56 36 202 127 133 71 179 197 207 95 255 199 248 30 251 73 31 115 123 109 44 47 185 220 78 35 43 164 183 129 118 128 83 55 218 80 165 49 101 18 135 143 235 116 117 14 186 228 82 89 110 208 54 181 74 180 77 198 211 33 9 239 105 152 192 23 155 157 171 156 242 64 81 86 240 87 48 75 174 34 212 46 62 146 254 15 121 67 167 234 88 61 111 169 104 79 106 172 51 69 70 247 158 236 237 233 92 215 45 222 132 100 7 194 170 200 16 50 160 98 12 90 120 145 163 66 136 219 241 21 140 94 138 246 119 230 93 217 161 126 210 103 141 139 162 76 112 189 153 173 147 175 144 99 149 151 225 178 26 60 134 223 131 166 195 232 150 216 39 188 187 206 243 250 72 91 84 190 57 148 209 249 184 124 154 142 252 96 10 238 213 113
11 196 3 22 17 114 97 29 4 221 227 24 177 137 122 253 5 28 204 0 168 2 201 231 130 214 30 176 53 52 68 13 244 125 107 25 8 224 37 182 32 226 27 20 193 65 59 6 63 245 203 205 85 40 19 58 229 159 38 102 41 191 108 42 56 36 202 127 133 71 179 197 207 95 255 199 248 1 251 73 31 115 123 109 44 47 185 220 78 35 43 164 183 129 118 128 83 55 218 80 165 49 101 18 135 143 235 116 117 14 186 228 82 89 110 208 54 181 74 180 77 198 211 33 9 239 105 152 192 23 155 157 171 156 242 64 81 86 240 87 48 75 174 34 212 46 62 146 254 15 121 67 167 234 88 61 111 169 104 79 106 172 51 69 70 247 158 236 237 233 92 215 45 222 132 100 7 194 170 200 16 50 160 98 12 90 120 145 163 66 136 219 241 21 140 94 138 246 119 230 93 217 161 126 210 103 141 139 162 76 112 189 153 173 147 175 144 99 149 151 225 178 26 60 134 223 131 166 195 232 150 216 39 188 187 206 243 250 72 91 84 190 57 148 209 249 184 124 154 142 252 96 10 238 213 113
11 196 3 22 17 114 97 29 15 78 227 24 177 137 122 253 5 28 204 0 168 2 151 231 130 214 1 176 4 52 68 13 173 125 107 25 8 224 37 182 32 226 27 20 193 65 59 6 63 245 187 205 85 14 19 58 229 186 38 102 41 191 108 42 56 36 109 127 133 71 179 197 207 95 255 199 248 30 251 73 31 115 47 202 44 123 185 220 221 35 43 164 183 129 118 128 83 55 218 80 165 49 101 18 135 143 235 116 117 40 180 228 82 89 110 208 54 181 74 132 77 198 211 33 9 145 105 152 192 23 155 70 171 156 242 64 81 86 240 87 48 75 174 34 212 46 62 146 254 53 121 201 167 234 88 61 111 169 104 79 106 172 51 69 217 91 158 236 237 233 209 215 45 222 159 100 7 194 170 200 157 50 160 98 12 90 120 239 163 139 136 219 241 21 140 94 138 246 119 230 93 16 161 126 210 103 141 66 162 243 112 189 153 244 147 175 144 99 149 67 225 178 26 60 134 223 131 166 195 232 150 216 39 188 203 206 76 250 72 247 84 190 57 148 92 249 184 124 154 142 252 96 10 238 213 113
11 196 3 22 17 114 97 29 15 221 124 123 177 137 122 253 5 28 204 0 168 2 151 231 130 214 1 176 4 52 68 13 173 125 107 25 8 224 37 182 32 226 27 20 193 65 59 6 63 245 203 205 85 14 19 58 229 159 38 102 41 191 108 42 56 166 202 127 133 71 179 197 207 95 255 199 248 30 251 73 31 115 47 109 44 24 185 220 78 35 43 164 183 129 118 128 83 55 218 80 165 49 101 18 135 143 235 116 117 40 186 228 82 89 110 208 54 181 74 180 77 198 211 33 9 239 105 152 192 23 155 16 171 156 242 64 81 86 240 87 48 75 174 34 212 46 62 146 254 53 121 67 167 234 88 61 111 169 104 79 106 172 51 69 70 91 158 236 237 233 92 215 45 222 132 100 7 194 170 200 157 50 160 98 12 90 120 145 163 66 136 219 241 21 140 94 138 246 119 230 93 217 161 126 210 103 141 139 162 76 112 189 153 244 147 175 144 99 149 201 225 178 26 60 134 223 131 36 195 232 150 216 39 188 187 206 243 250 72 247 84 190 57 148 209 249 184 227 154 142 252 96 10 238 213 113
11 196 3 22 17 114 97 29 15 221 165 24 177 137 122 253 5 28 204 0 168 2 201 231 130 214 1 176 4 52 172 13 173 125 107 25 8 224 37 182 32 226 27 20 193 65 59 6 63 78 203 205 85 14 19 58 129 159 38 102 41 191 108 42 56 36 202 127 133 134 179 197 207 95 255 199 248 30 251 73 31 115 47 109 44 123 185 220 18 35 43 164 183 227 118 128 83 55 218 80 166 49 101 68 135 131 235 116 117 40 143 228 82 89 110 208 54 181 74 180 77 198 211 33 9 239 105 229 192 23 155 16 171 156 242 64 81 86 240 87 48 75 174 34 212 46 62 146 254 53 121 67 167 234 88 61 111 169 104 79 106 141 51 69 70 91 152 236 237 233 92 215 45 222 132 100 7 194 170 200 157 50 160 98 12 90 120 145 163 66 136 219 241 21 140 94 138 246 119 230 93 217 161 126 210 103 225 139 162 209 112 189 153 244 147 175 144 99 149 151 245 178 26 60 71 223 186 158 195 232 150 216 39 188 187 206 243 250 72 247 84 190 57 148 124 249 184 76 154 142 252 96 10 238 213 113
11 196 3 22 17 114 97 29 15 221 214 24 177 137 122 253 5 28 204 0 168 2 151 231 130 34 1 176 4 52 68 13 173 209 107 25 8 224 37 182 32 226 27 20 193 65 59 6 63 245 203 205 85 14 19 58 229 159 38 102 41 191 108 42 56 115 202 127 133 71 179 197 207 95 255 199 236 30 251 73 31 36 47 109 44 123 185 220 78 35 43 164 183 129 118 128 83 55 218 80 165 49 101 18 135 143 235 116 117 40 186 228 82 89 110 208 54 213 74 180 76 198 211 33 9 239 105 152 192 23 155 16 171 156 242 64 77 86 240 87 48 75 174 227 212 46 62 146 254 53 121 67 167 234 88 61 111 169 104 79 106 172 51 69 70 91 158 124 237 233 92 215 45 222 132 250 7 194 170 200 157 50 160 98 12 90 120 145 163 66 136 219 241 248 140 94 138 246 119 230 93 217 161 126 210 103 141 139 162 81 112 189 153 244 147 175 144 99 149 201 225 178 26 60 134 223 131 166 195 232 150 216 39 188 187 206 243 100 72 247 84 190 57 148 125 249 184 21 154 142 252 96 10 238 181 113
11 196 3 22 17 114 97 29 15 221 225 24 177 137 122 253 5 28 204 0 168 2 151 231 130 214 1 176 4 52 68 13 173 125 107 25 8 224 37 182 32 226 27 20 193 65 59 6 63 245 203 205 85 14 19 58 229 159 38 102 41 191 108 42 56 36 202 127 133 71 179 197 207 95 255 199 248 30 251 212 31 115 47 109 44 123 185 220 78 35 43 164 183 129 118 128 83 55 218 80 165 49 101 18 135 143 235 116 117 40 186 228 82 89 110 208 54 181 74 180 77 198 211 33 9 239 105 158 192 23 155 16 171 156 242 64 81 86 240 87 48 75 174 34 154 46 62 146 254 53 121 67 167 234 88 61 111 169 104 79 76 172 51 69 70 91 152 236 237 233 92 215 45 222 132 100 7 194 170 200 157 50 160 98 12 90 120 145 163 66 136 219 241 21 140 94 138 246 119 230 93 217 161 126 210 103 141 139 162 106 112 189 153 244 147 175 144 99 149 201 227 178 26 60 134 223 131 166 195 232 150 216 39 188 187 206 243 250 72 247 84 190 57 148 209 249 184 124 73 142 252 96 10 238 213 113
11 196 3 22 17 114 97 29 15 221 227 24 177 137 122 253 5 28 34 0 168 2 201 231 130 214 1 176 4 52 172 13 173 125 107 25 8 224 37 182 32 226 27 20 193 68 59 6 63 245 203 205 85 14 19 58 229 159 38 102 41 191 108 42 56 36 202 127 133 71 179 197 207 95 255 199 248 30 251 73 31 115 47 109 44 123 185 220 78 35 43 164 183 225 118 128 83 55 218 80 165 49 101 119 135 143 235 116 117 40 129 228 82 89 110 208 54 181 74 180 77 198 211 33 9 239 105 152 192 23 155 166 171 156 242 64 103 86 132 87 48 75 174 204 212 46 62 146 254 53 121 67 167 234 88 61 111 169 104 79 106 18 51 69 70 91 131 236 237 233 92 215 45 222 240 100 7 194 170 200 157 50 160 98 12 90 120 145 163 66 136 219 241 21 140 94 138 246 65 230 93 217 161 126 210 81 141 139 162 209 112 189 153 244 147 175 144 99 149 151 16 178 26 60 134 223 186 158 195 232 150 216 39 188 187 206 243 250 72 247 84 190 57 148 124 249 184 76 154 142 252 96 10 238 213 113
11 196 3 22 17 114 97 29 15 221 227 24 177 137 122 253 5 28 204 0 168 178 151 231 130 214 1 176 195 52 68 13 173 209 107 25 8 224 37 182 32 226 27 20 193 65 59 6 63 245 203 205 85 14 19 212 229 159 38 102 41 191 108 42 56 36 202 127 133 71 179 197 207 95 255 199 248 30 251 73 31 115 155 109 44 123 185 220 78 35 43 164 183 129 118 128 83 55 218 80 165 49 101 18 135 143 235 116 117 40 186 228 82 89 110 208 54 181 74 180 77 198 211 33 9 239 105 152 192 23 47 16 233 156 242 64 81 86 240 87 48 75 174 34 58 46 62 146 254 53 121 67 167 234 88 61 111 169 104 79 106 172 51 69 70 91 125 236 237 171 92 215 45 222 132 100 7 194 170 200 157 50 160 98 12 90 120 145 163 66 136 219 241 21 232 94 138 246 119 230 93 217 161 126 210 103 141 139 162 76 112 189 153 244 147 175 144 99 149 201 225 2 26 60 134 223 131 166 4 140 150 216 39 188 187 206 243 250 72 247 84 190 57 148 158 249 184 124 154 142 252 96 10 238 213 113
11 196 3 22 17 114 97 29 15 221 227 24 177 138 122 253 5 28 204 0 168 2 151 231 130 214 129 176 4 52 68 13 173 209 107 25 8 224 37 182 32 226 27 20 193 65 59 6 63 245 203 205 85 14 19 190 229 159 38 102 41 191 108 42 56 36 202 127 133 71 179 197 207 95 255 199 248 30 251 73 31 115 47 109 44 123 185 220 78 35 43 164 183 1 118 128 83 55 218 80 165 49 101 18 135 143 235 116 117 40 186 228 82 89 110 208 54 181 74 180 77 198 211 33 9 239 105 152 192 23 155 16 171 156 242 64 81 86 240 87 48 75 174 34 212 46 62 146 254 53 121 67 167 234 88 61 111 169 104 79 106 172 184 69 70 91 158 236 237 233 92 215 45 222 132 100 7 194 170 200 157 50 160 98 12 90 120 145 163 66 136 219 241 21 140 94 137 246 119 230 93 217 161 126 210 103 141 139 162 76 112 189 153 244 147 175 144 99 149 201 225 178 26 60 134 223 131 166 195 232 150 216 39 188 187 206 243 250 72 247 84 58 57 148 125 249 51 124 154 142 252 96 10 238 213 113
11 196 3 22 17 114 97 29 37 221 227 24 177 137 102 253 5 28 204 0 168 2 201 231 130 214 1 176 4 52 68 13 173 209 107 25 93 224 15 182 32 226 27 20 193 65 59 6 63 245 203 205 85 14 47 171 229 159 38 122 41 191 108 42 56 36 202 127 133 71 142 197 207 95 255 199 248 30 251 73 31 115 123 109 44 19 185 220 208 35 116 164 183 129 118 128 83 55 218 94 165 49 101 18 135 143 235 43 117 40 186 228 82 89 110 78 54 181 74 180 77 198 211 33 9 239 105 152 192 23 155 16 175 156 242 64 81 86 240 87 48 75 174 34 212 46 62 146 254 53 121 67 167 234 88 61 111 169 104 79 106 172 51 69 70 91 158 236 237 233 92 215 45 222 132 100 7 194 170 200 157 50 160 98 12 90 120 145 163 66 136 219 241 21 140 247 138 246 119 230 8 217 161 126 210 103 141 139 162 76 112 189 153 244 147 58 144 99 149 243 225 178 26 60 134 223 131 166 195 232 150 216 39 188 187 206 151 250 72 80 84 190 57 148 125 249 184 124 154 179 252 96 10 238 213 113
11 196 3 22 17 114 97 175 15 221 227 24 177 154 122 253 5 28 204 0 168 2 194 231 130 214 129 176 4 52 68 13 173 209 107 25 8 224 37 182 32 226 27 20 193 65 59 6 63 245 203 205 85 14 19 58 229 159 38 102 41 191 108 42 56 36 202 127 133 71 179 197 207 95 255 199 248 30 251 73 31 115 47 109 44 123 185 220 78 35 43 164 183 1 118 128 83 55 218 80 165 49 101 18 135 143 235 116 117 40 186 228 82 29 110 208 54 181 74 180 77 198 211 33 9 239 105 152 192 23 155 16 171 156 242 64 81 86 240 87 48 75 174 34 212 46 62 146 254 53 121 67 167 234 88 61 111 169 104 137 106 172 51 69 70 91 158 236 237 233 92 215 45 222 132 100 7 151 170 200 157 50 160 98 12 90 120 145 163 66 136 219 241 21 140 94 138 246 119 230 93 217 161 126 210 76 141 139 162 103 112 189 153 244 147 89 144 99 149 201 225 178 26 60 134 223 131 166 195 232 150 216 39 188 187 206 243 250 72 247 84 190 57 148 79 249 184 124 125 142 252 96 10 238 213 113
11 196 3 22 252 114 97 29 15 221 227 24 247 138 122 253 47 28 204 0 172 2 201 231 130 214 186 176 4 129 68 13 173 125 107 25 8 224 37 182 32 226 27 20 193 65 59 6 63 245 203 205 85 14 19 58 229 159 38 102 41 191 108 42 56 36 202 127 133 71 179 197 207 95 255 199 248 30 251 73 31 115 5 92 44 123 185 220 78 35 43 164 183 1 118 128 83 55 218 80 165 49 101 18 135 143 235 116 117 40 52 228 82 89 110 208 54 181 74 180 77 198 211 33 9 239 105 152 192 23 155 16 233 156 242 64 81 86 240 87 48 75 174 34 212 46 62 146 254 124 121 67 167 234 88 61 111 169 104 79 219 168 51 69 70 91 158 236 237 171 109 215 45 222 132 100 7 194 170 200 157 50 160 98 12 90 120 145 163 66 136 106 241 21 140 94 137 246 119 230 93 217 161 126 210 76 141 139 162 103 112 189 153 244 147 175 144 99 149 151 225 178 26 60 134 223 131 166 195 232 150 216 39 188 187 206 243 250 72 177 84 190 57 148 209 249 184 53 154 142 17 96 10 238 213 113
11 196 3 175 17 114 97 29 125 221 227 24 177 137 122 253 5 28 204 0 168 2 151 231 130 214 1 176 4 52 68 13 173 209 107 25 8 224 37 182 32 226 27 20 193 65 59 6 63 245 203 205 85 14 19 58 229 159 38 102 41 191 108 42 56 36 202 127 133 71 179 197 207 95 255 199 248 30 251 73 31 115 47 109 44 123 185 220 78 35 43 164 183 129 118 128 83 55 218 80 165 49 101 18 135 143 212 116 117 40 186 228 82 89 110 208 54 181 74 180 77 198 211 33 9 239 105 152 192 23 155 16 171 156 242 64 81 86 240 87 48 75 174 34 235 46 62 146 254 53 121 67 167 12 88 61 111 169 104 79 106 172 51 69 70 91 158 236 237 233 92 215 45 222 132 100 7 194 170 200 157 50 160 98 234 90 120 145 163 66 136 219 241 21 140 94 138 246 119 230 93 217 161 126 210 103 141 139 162 76 112 189 153 244 147 22 144 99 149 201 225 178 26 60 134 223 131 166 195 232 150 216 39 188 187 206 243 250 72 247 84 190 57 148 15 249 184 124 154 142 252 96 10 238 213 113
11 196 3 225 17 114 16 79 15 221 22 24 177 137 132 253 5 28 204 0 168 2 201 231 130 214 1 176 4 52 172 13 173 125 107 25 8 224 37 182 32 226 27 20 193 65 59 6 63 245 203 205 85 14 19 58 229 34 81 102 41 191 108 42 56 36 202 127 133 71 179 197 207 95 255 199 248 30 251 73 31 69 47 109 44 123 185 220 78 35 43 164 183 18 118 128 83 55 218 80 165 49 101 68 135 143 235 116 117 40 129 228 82 89 110 208 54 181 74 180 77 198 99 33 9 239 105 152 192 23 155 97 171 156 242 64 38 86 240 87 48 75 174 211 212 46 62 146 254 53 121 67 93 234 88 61 111 169 104 29 106 158 51 115 70 91 131 236 237 233 159 215 45 222 122 100 7 194 170 200 157 50 160 98 12 90 120 145 163 167 136 219 241 21 140 94 138 246 119 230 66 217 161 126 210 103 141 139 162 209 112 189 153 244 147 175 144 92 149 151 227 178 26 60 134 223 186 166 195 232 150 216 39 188 187 206 243 250 72 247 84 190 57 148 124 249 184 76 154 142 252 96 10 238 213 113
11 196 3 225 17 114 50 29 15 221 22 24 177 137 122 253 5 28 204 0 168 2 201 231 130 214 25 176 4 52 172 13 173 125 107 30 8 224 37 182 1 226 27 20 193 65 59 6 63 245 203 205 85 14 19 58 229 159 38 102 41 191 108 42 56 36 202 127 133 71 179 197 207 95 255 199 248 32 251 73 31 115 47 109 44 123 185 220 78 35 43 164 183 206 118 128 83 55 218 80 165 49 101 68 135 143 235 116 117 40 129 228 82 89 110 208 54 181 74 180 77 198 211 33 9 239 105 152 192 23 155 16 171 156 242 64 81 86 240 87 48 75 174 99 212 46 62 146 254 53 121 67 167 234 166 61 111 169 104 79 106 103 51 69 70 91 131 236 237 233 34 215 45 222 132 100 7 194 170 200 157 97 160 98 12 90 120 145 163 66 136 219 241 57 140 94 138 246 119 230 93 217 161 126 210 88 141 139 162 209 112 175 153 244 147 189 144 92 149 151 227 178 26 60 134 223 186 158 195 232 150 216 39 188 187 18 243 250 72 247 84 190 21 148 124 249 184 76 154 142 252 96 10 238 213 113
11 224 3 22 17 114 97 29 15 207 227 24 177 137 122 253 5 28 204 0 168 2 151 231 130 214 1 176 4 52 68 13 173 209 107 25 8 47 37 182 32 226 27 20 193 65 59 6 63 245 203 205 85 14 19 58 229 159 38 102 41 191 108 42 56 36 202 127 133 71 179 197 221 95 255 199 248 30 251 73 31 115 196 109 44 123 185 220 78 35 43 164 183 129 118 128 83 55 218 80 165 49 101 18 135 143 235 116 117 40 186 228 82 89 110 208 54 181 74 180 77 198 211 33 9 239 105 152 192 23 155 16 171 156 242 64 81 86 240 87 48 75 174 34 212 46 62 146 254 249 121 67 167 234 88 61 111 169 104 79 106 172 51 69 70 91 158 236 237 233 92 215 45 222 132 100 7 194 170 200 157 50 160 98 12 90 120 145 163 66 136 219 241 21 140 94 138 246 119 230 93 217 161 126 210 103 141 139 162 76 112 189 153 244 147 175 144 99 149 201 225 178 26 60 134 223 131 166 195 232 150 216 39 188 187 206 243 250 72 247 84 190 57 148 125 53 184 124 154 142 252 96 10 238 213 113
11 225 3 22 17 114 97 29 15 221 227 24 177 137 122 253 5 28 204 0 168 2 201 231 130 214 1 176 4 52 172 13 173 125 107 25 8 224 37 182 32 226 27 20 193 65 59 6 63 166 203 205 85 14 19 58 229 159 38 102 41 191 108 42 56 36 202 127 133 71 179 197 207 95 255 199 248 30 251 73 31 115 47 109 44 123 185 150 78 35 43 206 183 53 118 128 83 55 218 80 165 49 101 68 135 143 235 116 117 40 129 228 196 89 110 208 54 181 74 180 77 198 243 33 9 239 105 152 192 23 155 16 171 156 242 64 81 86 240 87 48 75 174 195 212 46 62 146 254 67 121 18 167 234 88 61 111 169 104 79 106 141 51 69 70 91 131 236 92 233 237 215 45 222 132 100 7 194 170 200 157 50 160 98 12 90 120 145 163 66 136 219 241 21 140 94 138 246 119 230 93 217 161 126 210 103 96 139 162 209 112 189 153 244 147 175 144 99 149 151 245 178 26 60 134 223 186 158 34 232 220 216 39 188 187 164 211 250 72 247 84 190 57 148 124 249 184 76 154 142 252 82 10 238 213 113
116 209 174 103 232 246 234 59 21 239 118 23 222 75 7 57 97 20 79 28 4 215 60 42 153 22 171 95 113 242 211 144 80 13 156 17 145 1 167 195 149 180 16 24 190 219 18 87 226 88 19 160 71 29 58 50 240 142 51 12 2 9 244 204 43 231 104 176 158 253 114 173 216 212 92 46 30 53 169 197 179 164 69 10 196 89 140 192 66 68 11 74 26 133 82 177 49 105 129 187 193 27 6 163 3 38 147 101 112 245 186 47 32 203 121 157 120 67 31 111 36 15 54 25 56 218 109 61 224 237 93 81 235 70 41 128 110 64 175 63 108 122 107 14 151 91 223 233 152 37 40 227 134 76 55 172 115 34 52 84 98 96 8 148 143 72 45 161 254 206 208 65 229 205 119 162 124 62 44 35 123 155 5 48 102 191 170 159 39 146 228 189 247 210 86 127 138 33 125 90 249 198 201 238 131 213 83 214 136 0 126 168 132 99 77 94 181 100 199 236 137 207 184 255 250 251 221 150 182 165 141 243 117 194 202 73 230 139 135 166 154 252 200 85 217 106 78 225 241 220 178 188 185 248 130 183
116 209 174 103 232 246 234 59 32 239 39 23 222 75 7 57 97 20 79 28 4 215 60 42 153 22 171 95 113 242 211 144 80 13 156 17 145 1 167 195 149 180 16 24 190 219 18 87 173 88 19 160 71 29 58 50 240 142 51 12 2 9 244 204 43 231 104 176 158 66 114 226 21 212 92 46 30 53 169 197 179 164 69 10 216 89 140 192 251 68 11 74 26 133 82 177 49 105 129 187 193 27 6 163 3 38 147 101 165 245 134 47 196 203 121 157 120 67 31 111 36 15 54 25 56 218 109 61 224 237 93 81 235 70 41 128 210 64 175 63 108 122 107 14 151 91 223 233 152 37 40 227 110 76 55 85 115 34 172 84 98 96 8 148 143 72 45 161 254 206 208 65 229 205 119 162 124 62 44 35 123 155 5 48 102 191 170 159 118 146 228 189 247 112 86 127 138 33 125 90 249 198 201 238 131 213 83 73 136 0 126 168 132 99 77 94 181 100 199 236 137 207 184 255 250 214 221 150 182 186 141 243 117 194 202 253 230 139 135 166 154 252 200 52 217 106 78 225 241 220 178 188 185 248 130 183
116 209 174 103 232 246 234 59 32 239 118 23 63 75 7 57 97 20 79 28 4 215 60 42 153 22 171 95 113 242 211 132 80 13 156 17 145 1 167 195 149 180 16 134 190 219 18 87 226 88 19 160 71 29 58 50 240 142 51 12 2 9 244 204 43 231 104 176 158 66 114 38 21 212 92 46 30 53 169 197 179 164 69 10 216 89 140 192 173 68 11 74 26 133 82 177 49 105 129 187 193 27 6 163 3 52 147 101 165 245 186 47 196 203 121 157 120 67 31 111 36 15 54 25 56 218 109 61 224 237 35 81 235 70 41 128 210 64 175 222 108 122 107 14 151 91 223 233 152 37 40 227 110 76 55 172 115 34 252 84 98 96 8 148 143 72 45 161 254 206 208 65 229 205 119 162 124 62 44 93 123 155 5 48 102 191 170 159 39 146 228 189 247 112 86 127 138 33 125 90 249 198 201 238 131 213 83 73 136 0 126 168 144 99 77 94 181 24 199 236 137 207 184 255 250 251 221 150 182 100 141 243 117 194 202 253 230 139 135 166 154 214 200 85 217 106 78 225 241 220 178 188 185 248 130 183
116 209 174 103 232 246 234 59 32 239 118 23 222 75 7 43 97 20 79 126 4 215 60 42 153 22 171 95 113 242 211 144 80 13 156 17 145 1 167 195 149 180 16 24 190 219 18 87 226 88 19 160 71 29 58 243 240 142 51 12 2 9 244 204 57 38 104 176 158 66 114 173 21 212 92 46 30 53 169 197 179 164 69 10 216 89 140 192 251 68 11 74 26 133 82 177 49 105 129 187 193 27 6 163 3 231 147 101 165 245 186 47 196 203 121 157 120 67 31 111 36 15 54 25 56 218 109 61 224 237 93 81 235 70 41 128 210 64 175 63 108 122 107 14 8 91 223 233 152 37 40 227 110 76 55 172 115 34 134 84 98 96 151 148 143 72 45 161 254 206 208 65 229 205 170 162 124 62 44 35 123 155 5 48 102 191 119 159 39 146 228 189 247 112 86 127 138 33 125 90 249 198 201 238 131 213 83 73 136 0 28 168 132 99 77 94 181 100 199 236 137 207 184 255 250 214 221 150 182 52 141 50 117 194 202 253 230 139 135 166 154 252 200 85 217 106 78 225 241 220 178 188 185 248 130 183
116 209 174 103 232 246 234 59 32 239 118 23 222 75 7 57 97 20 79 28 4 215 60 42 153 22 171 48 113 242 211 144 80 13 156 17 145 1 167 195 149 180 16 24 190 219 18 87 226 88 19 160 133 29 58 50 240 142 51 12 2 9 244 204 43 231 104 176 224 73 114 173 21 212 92 46 30 53 169 197 179 95 69 10 216 89 140 192 66 68 11 251 26 200 82 177 49 105 129 187 193 27 6 163 3 38 147 101 165 245 186 47 196 203 121 157 138 67 31 111 36 15 54 25 56 218 109 61 72 237 93 81 235 70 130 128 210 64 175 63 108 122 107 14 151 91 223 233 152 37 40 227 134 76 55 172 115 34 52 84 98 96 8 148 143 158 45 161 254 206 208 65 229 205 119 162 124 62 44 35 123 155 5 164 102 191 170 159 39 146 228 189 247 112 86 127 120 33 125 90 249 198 201 238 131 213 83 214 136 0 110 168 132 99 77 94 181 100 199 236 137 207 184 126 250 74 221 150 182 255 141 243 117 194 202 253 230 139 135 166 154 71 252 85 217 106 78 225 241 220 178 188 185 248 41 183
116 209 174 103 232 246 234 59 32 239 118 23 222 75 7 57 97 20 79 28 4 215 60 42 153 22 171 95 113 242 211 144 80 13 156 17 145 1 167 195 149 180 16 24 190 219 18 87 226 88 19 160 71 29 58 50 240 142 51 12 2 9 244 204 43 231 104 11 158 66 114 173 21 212 92 46 30 53 169 197 179 164 69 10 216 89 140 192 251 68 172 74 26 133 82 177 49 105 129 187 193 27 6 163 3 38 147 101 98 245 134 47 196 203 121 157 120 67 31 111 36 15 54 25 56 218 109 61 224 237 93 81 235 70 41 128 210 64 175 63 108 122 107 14 151 91 223 233 152 37 40 227 110 76 55 176 115 34 52 84 165 96 8 148 143 72 45 161 254 206 208 65 229 205 119 162 124 62 44 35 123 155 5 48 102 191 170 159 39 146 228 189 247 112 86 127 138 33 125 90 249 198 201 238 131 213 83 73 136 0 126 168 132 99 77 94 181 100 199 236 137 207 184 255 250 225 221 150 182 186 141 243 117 194 202 253 230 139 135 166 154 252 200 85 217 106 78 214 241 220 178 188 185 248 130 183
116 209 174 103 232 246 234 59 32 239 118 23 222 75 7 57 97 20 79 28 4 215 60 42 153 22 171 95 113 242 211 144 80 13 156 17 145 1 167 195 149 180 16 24 190 219 18 87 226 88 19 160 71 29 58 50 240 142 51 12 2 9 244 204 43 231 104 176 158 66 114 173 21 212 92 46 30 53 169 197 179 164 69 10 216 89 140 192 38 68 11 74 26 133 82 177 49 105 129 187 193 27 6 163 3 52 147 101 208 245 186 47 196 203 121 157 120 67 31 111 36 15 54 25 56 218 109 61 224 237 93 81 235 70 41 128 210 64 175 63 108 122 107 14 151 91 223 233 152 37 40 227 110 76 55 172 115 34 252 84 98 96 8 148 143 72 45 161 254 206 165 65 229 205 119 162 124 62 44 35 123 155 5 48 102 191 170 159 39 146 228 189 247 112 86 127 138 33 125 90 202 198 201 238 131 213 83 73 136 0 126 168 132 99 77 94 181 100 199 236 137 207 184 255 250 251 221 150 182 134 141 243 117 194 249 253 230 139 135 166 154 214 200 85 217 106 78 225 241 220 178 188 185 248 130 183
116 209 174 103 232 246 234 59 32 239 118 23 222 75 7 57 97 20 79 28 4 215 60 42 153 22 171 95 113 242 211 144 80 13 156 17 145 1 167 195 149 180 16 24 190 219 18 87 226 88 19 160 71 29 58 50 240 142 51 12 2 9 244 204 43 231 104 176 158 66 114 173 21 212 92 46 30 53 169 197 179 164 69 10 216 89 140 192 73 68 11 74 26 133 82 177 49 105 129 187 193 27 6 163 3 38 70 101 147 245 186 47 196 203 121 157 120 67 31 111 36 15 54 25 56 218 109 61 224 237 93 81 235 238 41 128 210 64 175 63 108 126 107 14 151 91 223 233 152 37 40 227 110 76 55 172 115 34 52 84 98 96 8 148 143 72 45 161 254 206 208 65 229 205 119 162 124 62 44 35 123 155 5 48 102 191 170 159 39 146 228 189 247 112 86 127 138 33 125 90 249 198 201 134 131 213 83 214 136 0 122 168 132 99 77 94 181 100 199 236 137 207 184 255 250 251 221 150 182 165 141 243 117 194 202 253 230 139 135 166 154 252 200 85 217 106 78 225 241 220 178 188 185 248 130 183
116 209 174 103 232 246 234 59 32 239 118 23 222 75 7 57 97 20 79 28 4 215 60 42 153 22 171 95 113 242 211 144 80 13 156 17 145 1 167 195 149 180 16 24 190 219 18 87 226 88 19 160 71 29 58 50 240 142 51 12 2 9 244 204 43 231 104 176 158 73 114 61 21 212 92 46 30 53 169 197 179 164 69 10 216 89 140 192 66 68 11 74 26 133 82 177 49 105 129 187 193 27 6 163 3 38 147 101 165 245 186 47 196 203 121 157 120 67 31 111 36 15 54 25 56 218 109 173 224 237 93 81 235 70 41 128 112 64 175 63 108 122 107 14 151 91 223 233 152 37 40 227 134 76 55 172 115 34 52 84 98 96 8 148 143 72 45 161 254 206 208 65 229 205 119 162 124 62 44 35 123 155 5 48 102 191 170 159 39 146 228 189 247 210 86 127 138 33 125 90 249 198 201 238 131 213 83 214 136 0 126 168 132 99 77 94 181 100 199 236 137 207 184 110 250 251 221 150 182 255 141 243 117 194 202 253 230 139 135 166 154 252 200 85 217 106 78 225 241 220 178 188 185 248 130 183
116 209 174 103 232 246 234 59 32 239 118 23 222 75 7 57 97 20 79 28 4 215 60 42 153 22 171 95 113 242 211 144 80 13 156 17 145 1 167 195 149 180 16 24 190 219 18 87 226 88 19 160 71 29 58 50 240 142 51 12 2 9 244 204 43 231 104 176 158 73 114 61 21 212 92 46 30 53 169 197 179 164 69 10 216 89 140 192 66 68 11 74 26 133 82 177 49 105 129 187 193 27 6 163 3 38 147 101 165 245 186 47 196 203 121 157 120 67 31 111 36 15 54 25 56 218 109 173 224 237 93 81 235 70 41 128 112 64 175 150 108 122 107 14 151 91 223 233 152 37 40 227 134 76 55 172 115 34 52 84 98 96 8 148 143 72 45 161 254 206 208 65 229 205 119 162 124 62 44 35 123 155 5 48 102 191 170 159 39 146 228 189 247 210 86 127 138 33 125 90 249 198 201 238 131 213 83 214 136 0 126 168 132 99 77 94 181 100 199 236 137 207 184 110 250 251 221 63 182 255 141 243 117 194 202 253 230 139 135 166 154 252 200 85 217 106 78 225 241 220 178 188 185 248 130 183
116 209 174 103 232 246 234 59 32 239 118 23 222 75 7 57 97 20 79 28 4 215 60 42 153 22 171 95 113 242 211 144 80 13 156 17 145 1 167 195 149 180 16 24 190 219 18 87 226 88 19 160 71 29 58 50 240 142 51 12 2 9 244 204 43 231 104 176 158 73 114 173 21 212 92 46 30 61 169 197 179 164 69 10 216 89 140 192 66 68 11 74 26 133 82 177 49 105 129 187 193 27 6 163 3 38 147 101 165 245 186 47 196 203 121 157 120 67 31 111 36 15 54 25 56 253 109 53 224 237 93 81 235 70 41 128 210 64 175 63 108 122 107 14 151 91 223 233 152 37 40 227 134 76 55 172 115 34 52 84 98 96 8 148 143 72 45 161 254 206 208 65 229 205 119 162 124 62 44 35 123 155 5 48 102 191 170 159 39 146 228 189 247 112 126 127 138 33 125 90 249 198 201 238 131 213 83 214 136 0 110 168 132 99 77 94 181 100 199 236 137 207 184 86 250 221 251 150 182 255 141 243 117 194 202 218 230 139 135 166 154 252 200 85 217 106 78 225 241 220 178 188 185 248 130 183
116 209 174 103 232 246 234 59 32 239 118 23 222 75 7 57 97 20 79 28 4 215 60 42 153 22 171 95 113 242 211 144 80 13 156 17 145 1 167 195 149 180 16 24 190 219 18 87 226 88 19 160 71 29 58 50 240 142 51 12 2 9 244 204 43 231 104 176 158 253 114 173 21 212 92 46 30 53 169 197 179 164 69 10 216 89 140 192 66 68 11 74 26 133 82 177 49 105 129 187 193 27 6 163 3 38 147 101 165 245 186 47 196 110 121 157 120 67 31 111 36 15 54 25 56 218 109 61 224 237 93 81 235 70 41 128 210 64 175 63 108 122 107 14 151 91 223 233 152 37 40 227 134 76 55 172 203 34 52 84 98 96 8 148 143 72 45 161 254 206 208 65 229 205 119 162 124 62 44 35 123 155 5 48 102 191 170 159 39 146 228 189 247 112 86 127 138 33 125 90 249 198 201 238 131 213 83 214 136 0 126 168 132 99 77 94 181 100 199 236 137 207 184 255 250 251 221 150 182 115 141 243 117 194 202 73 230 139 135 166 154 252 200 85 217 106 78 225 241 220 178 188 185 248 130 183
116 209 174 103 232 246 234 59 32 239 118 23 222 75 7 57 97 20 79 28 4 215 60 42 153 22 171 95 113 242 211 144 80 13 156 17 145 1 167 195 149 180 16 24 190 219 18 87 226 88 19 160 71 29 58 50 240 142 51 12 2 9 244 204 43 231 139 152 158 159 112 173 21 212 92 46 30 53 169 197 179 164 69 10 216 89 140 192 73 68 11 74 26 133 82 177 49 105 129 187 193 27 6 163 3 38 147 101 114 245 186 47 196 203 121 157 120 67 31 111 36 15 54 25 56 218 109 61 224 237 93 81 235 70 41 128 210 64 175 63 108 122 107 14 151 91 223 233 176 37 40 227 134 76 55 172 115 34 52 84 98 96 8 249 143 72 45 161 254 206 208 65 229 205 119 162 124 62 44 35 123 155 5 48 102 191 170 66 39 146 228 189 247 110 86 127 138 33 125 90 148 198 201 238 131 213 83 214 136 0 126 168 132 99 77 94 181 100 199 135 137 207 184 255 250 251 221 150 182 165 141 243 117 194 202 253 230 104 236 166 154 252 200 85 217 106 78 225 241 220 178 188 185 248 130 183
116 209 174 103 232 246 234 59 32 239 118 23 222 75 7 57 97 20 79 28 4 215 60 42 153 22 171 95 113 242 211 144 80 13 156 17 145 1 167 195 149 180 16 24 190 219 18 87 226 88 19 160 135 29 58 50 240 142 51 12 2 9 244 204 43 231 104 176 158 66 114 173 21 212 92 46 30 53 169 197 179 164 229 10 216 89 140 192 251 68 182 74 26 133 194 177 49 105 129 187 193 27 6 163 3 38 147 101 165 245 11 47 196 203 121 157 120 67 31 111 36 15 54 25 56 218 109 61 224 237 93 81 235 70 41 128 210 64 175 63 108 35 107 14 151 91 223 233 152 37 40 227 110 76 55 172 115 34 134 84 98 96 8 148 143 72 45 161 254 206 208 65 69 205 119 162 124 62 44 122 123 155 5 48 102 191 170 159 82 146 228 189 247 112 86 127 138 33 125 90 249 198 201 238 131 213 83 73 136 0 126 168 132 99 77 94 181 100 199 236 137 207 184 255 250 214 221 150 52 186 141 243 117 39 202 253 230 139 71 166 154 252 200 85 217 106 78 225 241 220 178 188 185 248 130 183
116 209 174 103 232 246 234 59 32 239 118 23 222 75 7 57 97 20 79 28 4 215 60 42 153 22 171 95 113 242 211 144 80 13 156 17 145 1 167 195 149 180 16 24 190 219 18 87 226 88 19 160 135 29 58 50 240 142 51 12 2 9 244 204 43 231 104 176 158 66 114 173 21 212 92 46 30 53 169 197 179 164 247 10 216 89 140 192 251 68 182 74 26 133 194 177 49 105 129 187 193 27 6 163 3 38 147 101 165 245 11 47 196 203 121 157 120 67 31 111 36 15 54 25 56 218 109 61 224 237 93 81 235 70 41 128 210 64 175 63 108 35 107 14 151 91 223 233 152 37 40 227 110 76 55 172 115 34 134 84 98 96 8 148 143 72 45 161 254 206 208 65 69 205 119 162 124 62 44 122 123 155 5 48 102 191 170 159 82 146 228 189 229 112 86 127 138 33 125 90 249 198 201 238 131 213 83 73 136 0 126 168 132 99 77 94 181 100 199 236 137 207 184 255 250 214 221 150 52 186 141 243 117 39 202 253 230 139 71 166 154 252 200 85 217 106 78 225 241 220 178 188 185 248 130 183
116 209 174 103 232 246 234 59 32 239 118 23 222 75 7 57 97 20 79 28 4 215 60 42 153 22 171 95 113 242 211 144 80 13 156 17 145 1 167 195 149 180 16 24 190 219 18 173 226 88 19 160 71 29 58 50 240 142 51 12 2 9 244 204 43 231 104 152 158 253 114 87 21 212 92 46 30 53 169 197 179 164 69 10 216 89 140 192 66 68 11 74 26 133 82 177 49 105 129 187 193 27 6 163 3 38 147 115 165 245 186 47 196 203 121 157 120 67 31 111 36 15 54 25 56 218 109 61 224 237 93 81 235 70 41 128 210 64 175 63 108 122 107 14 151 91 223 233 176 37 40 227 134 76 55 172 101 34 52 84 98 96 8 148 143 72 45 161 254 206 208 65 229 205 119 162 124 62 44 35 123 155 5 48 102 191 170 159 39 146 228 189 247 112 86 127 138 33 125 90 249 198 201 238 131 213 83 214 136 0 126 168 132 99 77 94 181 100 199 236 137 207 184 110 250 251 221 150 182 255 141 243 117 194 202 73 230 139 135 166 154 252 200 85 217 106 78 225 241 220 178 188 185 248 130 183
116 209 174 103 232 246 234 59 32 239 118 23 222 75 7 57 97 20 79 28 4 215 60 42 153 22 171 95 113 242 211 144 80 13 156 17 145 1 167 195 149 180 16 24 190 219 138 87 226 88 19 160 71 29 58 50 240 142 51 12 2 9 244 204 43 231 104 176 158 66 114 173 21 212 92 46 30 61 169 197 179 164 69 10 216 89 140 192 251 68 182 129 26 133 82 177 49 105 74 187 193 27 6 163 3 38 147 101 165 245 186 47 196 203 121 157 120 67 31 111 36 15 54 25 56 218 109 53 224 237 93 81 235 70 41 128 210 64 175 63 108 122 107 14 151 91 223 233 152 37 40 227 110 76 55 172 115 34 134 84 98 96 8 148 143 72 45 161 254 206 208 65 229 205 119 162 124 62 44 35 123 155 5 48 102 191 170 159 39 146 228 189 247 112 86 127 18 33 125 90 249 198 201 238 131 213 83 214 136 0 126 168 132 99 77 94 181 100 199 236 137 207 184 255 250 73 221 150 11 52 141 243 117 194 202 253 230 139 135 166 154 252 200 85 217 106 78 225 241 220 178 188 185 248 130 183
116 209 174 103 232 246 234 59 32 239 118 23 222 75 7 57 97 20 79 28 4 215 60 42 153 22 171 95 113 242 211 144 80 13 156 17 145 1 167 195 149 180 16 196 190 219 18 87 226 88 19 160 71 29 58 50 240 142 51 12 2 9 244 204 43 38 104 176 158 66 114 173 21 212 92 46 30 53 169 197 77 164 69 10 216 89 140 192 251 68 11 129 26 133 82 177 49 105 74 187 193 27 6 163 3 231 147 101 165 245 52 47 24 203 121 157 120 67 31 111 36 15 54 25 56 218 109 61 224 237 93 81 235 70 41 128 210 64 175 63 108 122 107 14 151 91 223 233 152 37 40 227 110 76 55 172 115 34 134 84 98 96 8 148 143 72 45 161 254 206 208 65 229 205 119 162 124 62 44 35 123 155 5 48 102 191 170 159 39 146 228 189 247 112 86 127 138 33 125 90 249 198 201 238 131 213 83 73 136 0 126 168 132 99 179 94 181 100 199 236 137 207 184 255 250 214 221 150 182 186 141 243 117 194 202 253 230 139 135 166 154 252 200 85 217 106 78 225 241 220 178 188 185 248 130 183
116 209 174 103 232 246 234 59 32 239 118 23 222 75 7 57 97 20 79 28 4 215 60 42 153 22 171 95 113 242 211 144 80 13 156 17 145 1 167 195 164 180 16 24 190 219 18 87 226 88 19 160 71 29 58 50 240 142 51 12 2 9 244 204 43 38 104 176 158 66 114 173 21 212 92 46 30 53 169 197 170 149 229 10 216 89 140 192 251 68 182 74 26 133 39 177 49 105 129 187 193 27 6 163 3 101 147 231 165 245 11 47 196 203 121 157 120 67 31 111 36 15 54 25 56 218 109 61 224 237 93 81 235 70 41 128 210 64 175 63 108 35 107 14 151 91 223 233 152 135 40 227 110 76 55 172 115 34 134 84 98 96 8 148 143 72 45 161 254 206 208 65 69 205 119 162 124 62 44 122 123 155 5 48 102 191 179 159 82 146 228 189 247 112 86 127 138 33 125 90 249 198 201 238 131 213 83 73 136 0 126 168 132 99 77 94 181 100 199 236 137 207 184 255 250 214 221 150 52 186 141 243 117 194 202 253 230 139 37 166 154 252 200 85 217 106 78 225 241 220 178 188 185 248 130 183
116 209 174 103 232 246 234 59 32 239 118 23 222 75 7 57 97 20 79 28 4 215 60 42 153 22 171 95 113 242 211 144 80 13 156 17 145 1 167 195 164 180 16 24 190 219 18 87 226 88 19 160 71 29 58 50 240 142 51 12 2 9 244 204 43 38 104 176 158 66 114 173 21 212 92 46 30 53 169 197 170 149 229 10 216 89 140 192 251 68 182 74 26 133 39 177 49 105 129 187 193 27 6 163 3 231 147 101 165 245 11 47 196 203 121 157 120 67 31 111 36 15 54 25 56 218 109 61 224 237 93 81 235 70 41 128 210 64 175 63 108 35 107 14 151 91 223 233 152 135 40 227 110 76 55 172 115 34 134 84 98 96 8 148 143 72 45 161 254 206 208 65 69 205 119 162 124 62 44 122 123 155 5 48 102 191 179 159 82 146 228 189 247 112 86 127 138 33 125 90 249 198 201 238 131 213 83 73 136 0 126 168 132 99 77 94 181 100 199 236 137 207 184 255 250 214 221 150 52 186 141 243 117 194 202 253 230 139 37 166 154 252 200 85 217 106 78 225 241 220 178 188 185 248 130 183
116 209 174 103 232 246 234 59 32 239 118 23 222 75 7 57 97 20 79 28 4 215 60 42 153 22 171 95 113 242 211 144 126 13 156 17 145 1 167 195 149 180 16 24 190 219 18 87 226 88 19 160 71 29 58 50 240 142 51 12 2 131 244 204 43 231 104 176 158 73 114 173 21 212 92 46 30 53 169 197 179 129 69 10 216 89 140 192 66 68 11 74 26 133 82 177 49 105 164 187 193 27 6 115 3 38 147 101 165 245 80 47 196 203 121 157 120 67 31 111 36 15 54 25 56 218 109 61 224 237 93 81 235 70 41 110 210 64 175 63 108 122 107 83 151 91 223 233 152 37 40 227 134 76 55 172 163 34 52 84 98 96 8 148 143 72 45 161 254 206 208 65 229 205 119 162 124 62 44 35 123 155 5 48 102 191 170 159 39 146 228 189 247 112 86 127 138 33 125 90 249 198 201 238 14 213 9 214 136 0 128 168 132 99 77 94 181 100 199 236 137 207 184 186 250 251 221 150 182 255 141 243 117 194 202 253 230 139 135 166 154 252 200 85 217 106 78 225 241 220 178 188 185 248 130 183
116 209 174 103 232 246 234 59 32 239 118 23 222 75 7 57 97 20 79 28 4 215 127 42 153 22 171 95 250 242 211 144 80 13 156 17 145 1 167 195 149 180 16 24 190 219 18 87 226 88 19 160 71 29 58 50 240 142 51 12 236 9 244 204 43 231 104 176 158 66 114 173 21 212 92 46 30 53 169 197 179 164 229 10 216 89 140 192 251 68 11 74 26 133 82 177 49 105 129 187 193 27 6 163 3 38 147 134 165 245 186 90 196 203 121 157 120 67 31 111 36 15 54 25 56 218 109 61 224 237 93 81 235 70 41 128 210 64 175 63 108 122 107 14 151 91 223 233 152 37 40 227 110 76 55 172 115 34 2 84 98 96 8 148 143 72 45 161 254 206 208 65 69 205 119 162 124 62 44 35 123 155 5 48 102 191 170 159 39 146 228 189 247 112 86 60 138 33 125 249 47 198 201 238 253 213 83 73 136 0 126 168 132 99 77 94 181 100 199 101 137 207 184 255 113 214 221 150 182 52 141 243 117 194 202 131 230 139 135 166 154 252 200 85 217 106 78 225 241 220 178 188 185 248 130 183
116 209 174 103 232 246 234 59 32 239 118 23 222 75 7 57 97 20 79 28 53 215 60 42 153 22 171 95 113 242 211 144 80 13 156 17 145 1 167 195 149 180 16 24 190 219 18 87 226 88 19 160 71 29 58 50 240 142 51 12 2 9 244 204 43 38 104 176 158 66 114 173 21 212 92 46 30 4 169 197 179 164 69 10 216 89 140 192 251 68 11 74 26 133 82 177 49 105 134 187 193 27 6 163 3 231 147 101 165 245 186 47 196 203 121 157 120 67 31 111 36 15 54 25 56 218 109 61 224 237 93 81 235 70 41 128 210 64 175 63 108 122 107 14 151 91 223 233 152 37 40 227 110 76 55 172 115 34 45 84 98 96 8 148 143 72 129 161 254 206 208 65 229 205 119 162 124 62 44 35 123 155 5 48 102 191 170 159 39 146 228 189 247 112 86 127 138 33 125 90 249 198 201 238 253 213 83 73 136 0 126 168 132 99 77 94 181 100 199 236 137 207 184 255 250 214 221 150 182 52 141 243 117 194 202 131 230 139 135 166 154 252 200 85 217 106 78 225 241 220 178 188 185 248 130 183
116 209 174 103 232 246 234 59 32 239 118 23 222 75 7 85 97 20 79 28 4 215 60 42 153 22 171 95 113 242 196 144 80 13 156 17 145 1 167 195 149 180 16 24 190 69 2 87 226 88 19 160 71 29 58 50 240 142 51 12 192 9 244 204 206 231 104 176 158 66 114 173 21 212 92 46 30 53 169 197 179 164 219 10 216 89 140 31 251 68 182 74 26 133 82 177 49 105 129 187 193 27 6 163 3 38 147 101 165 245 11 47 211 203 121 157 120 67 18 111 36 15 54 25 56 218 109 73 224 237 93 81 235 70 41 128 210 64 175 63 108 122 107 14 151 91 223 233 152 37 40 227 110 76 55 172 115 34 134 84 98 96 8 148 143 72 45 161 254 43 208 65 229 205 119 162 124 62 44 86 123 155 5 48 102 191 170 159 39 146 228 189 247 112 35 127 138 33 125 90 249 198 201 238 131 213 83 61 136 0 126 168 132 99 77 94 181 100 199 236 137 207 184 255 250 214 221 150 52 186 141 243 117 194 202 253 230 139 135 166 154 252 200 57 217 106 78 225 241 220 178 188 185 248 130 183
116 209 174 103 232 246 234 59 32 239 226 23 222 75 7 57 97 20 79 28 4 215 60 42 153 22 171 95 113 242 211 144 80 13 156 17 145 1 167 195 149 180 16 24 190 219 18 87 118 88 19 160 71 29 58 50 240 142 51 12 2 9 244 204 43 231 104 176 158 66 114 173 21 212 92 46 30 53 169 69 179 164 197 10 216 89 140 192 251 68 11 74 26 133 82 177 49 105 129 187 193 27 6 163 3 38 147 101 165 245 134 47 127 203 121 157 120 67 31 111 36 15 54 25 56 218 109 61 224 237 93 81 235 70 41 128 210 64 175 63 108 122 107 14 151 91 223 233 152 37 40 227 110 76 55 172 115 34 52 84 98 96 8 148 143 72 45 161 254 206 208 65 229 205 119 162 124 62 44 35 123 155 5 48 102 243 170 159 39 146 228 189 247 112 86 196 138 33 125 90 249 198 201 238 131 213 83 73 136 0 126 168 132 99 77 94 181 100 199 236 137 207 184 255 250 214 221 150 182 186 141 191 117 194 202 253 230 139 135 166 154 252 200 85 217 106 78 225 241 220 178 188 185 248 130 183
116 209 174 103 232 246 234 59 32 239 226 23 222 75 7 57 97 20 79 28 4 215 60 42 153 22 171 95 113 242 211 144 80 13 156 17 145 1 167 195 149 180 16 24 190 219 18 87 118 88 19 160 71 29 150 50 240 142 51 12 2 9 244 204 43 231 104 176 158 66 114 173 21 212 92 46 30 53 169 69 179 164 197 10 216 89 140 192 251 68 11 74 26 133 82 177 49 31 129 187 193 27 6 163 3 38 147 101 165 245 134 47 196 203 121 157 120 67 105 111 36 15 54 25 56 218 109 61 224 237 93 81 235 70 41 128 210 64 175 63 108 122 107 14 151 45 223 233 152 37 40 227 110 76 55 172 115 34 52 84 98 96 8 148 143 72 91 161 254 206 208 65 229 205 119 162 124 62 44 35 123 155 5 48 102 191 99 159 39 146 228 189 247 112 86 127 138 33 125 90 249 198 201 238 131 213 83 73 136 0 126 168 132 170 77 94 181 100 199 236 137 207 184 255 250 214 221 58 182 186 141 243 117 194 202 253 230 139 135 166 154 252 200 85 217 106 78 225 241 220 178 188 185 248 130 183
191 209 174 103 232 246 234 59 32 239 118 23 222 75 7 57 97 20 79 28 4 215 60 42 153 22 171 95 113 242 211 144 80 13 156 17 145 1 167 195 149 180 47 24 190 219 18 87 226 88 19 160 71 29 58 50 240 142 51 12 2 9 244 204 43 231 104 176 158 253 114 173 21 212 92 46 30 53 169 197 110 164 69 10 216 89 140 192 66 68 11 74 26 133 82 177 49 105 129 187 193 27 6 163 3 38 147 101 116 245 186 16 196 203 121 157 120 67 31 111 36 84 54 25 56 218 109 61 224 237 93 81 235 70 41 128 210 64 175 63 108 122 107 14 151 91 223 233 152 37 40 227 134 76 55 172 115 34 52 15 98 96 8 148 143 72 45 161 254 206 208 65 229 205 119 162 124 62 44 35 123 112 5 48 102 179 170 159 39 146 228 189 247 155 86 127 138 33 125 90 249 198 201 238 131 213 83 214 136 0 126 168 132 99 77 94 181 100 199 236 137 207 184 255 250 251 221 150 182 165 141 243 117 194 202 73 230 139 135 166 154 252 200 85 217 106 78 225 241 220 178 188 185 248 130 183
